1.483123282196031489e+01
1.480054737474773674e+01
1.519780405341085583e+01
1.498545811721637122e+01
1.522861850606965994e+01
1.488129160480832880e+01
1.497199818475259292e+01
1.500403367084833661e+01
1.497992714102319489e+01
1.490651505771519147e+01
1.479368715768562836e+01
1.507991341986267386e+01
1.487321298092463984e+01
1.507950777243211604e+01
1.480594978780744064e+01
1.493119574035470620e+01
1.503036637968804001e+01
1.510092084729728867e+01
1.514207204074473267e+01
1.515439667098281440e+01
3.652101777884586653e+01
3.739884766775974612e+01
3.697974467382424280e+01
3.697639598887111845e+01
3.734597330027206397e+01
3.643316151098347433e+01
3.745919967878823087e+01
3.718097054206985064e+01
3.719118535619423938e+01
3.746439712380659870e+01
3.644766178767380183e+01
3.718608731035834580e+01
3.662941639248671066e+01
3.628488690032570929e+01
3.613045207999030595e+01
3.614904810082956033e+01
3.632762483943103859e+01
3.665636731792464076e+01
3.712806800544169050e+01
3.630708820676250781e+01
1.744957990356281385e+01
1.750042209172237762e+01
1.765378521510442766e+01
1.791621891010316503e+01
1.761957375212084642e+01
1.743682040590987015e+01
1.762028345855419076e+01
1.789118638263959937e+01
1.761753449712310982e+01
1.771440107079236981e+01
1.758098187614616847e+01
1.750872115578543031e+01
1.748811152465837537e+01
1.751371858338293208e+01
1.758325209585887094e+01
1.743038112335151268e+01
1.757597239465027883e+01
1.749719066123020994e+01
1.745414562752969090e+01
1.770349605200419774e+01
1.507988966672524178e+01
1.508009230142938151e+01
1.508019116901425249e+01
1.508369275599399728e+01
1.507951649924579485e+01
1.508036643869614579e+01
1.508005996276528649e+01
1.507968891057066330e+01
1.507968937614342764e+01
1.507966326930135281e+01
1.507970719414112359e+01
1.508349284350813235e+01
1.508126186009722502e+01
1.508195219913672602e+01
1.507970967452185818e+01
1.508025237326240209e+01
1.507951359340601449e+01
1.507964735188931904e+01
1.508531310940904469e+01
1.507960975944777537e+01
1.482888561732390365e+01
1.494503180379981799e+01
1.497759367659085683e+01
1.493117928599370714e+01
1.481908705465574272e+01
1.502556682345305106e+01
1.478816334302469215e+01
1.499283495551320300e+01
1.502086760726325743e+01
1.499612021501910242e+01
1.480778223990659370e+01
1.493292430457924702e+01
1.478663675247230813e+01
1.494751434326962425e+01
1.495863706329895493e+01
1.505644402019359518e+01
1.499888654730648163e+01
1.491422952945127278e+01
1.491852573837980245e+01
1.478893538011815423e+01
3.645925057589787599e+01
3.709811229923408860e+01
3.677501815040107402e+01
3.731268715667913938e+01
3.643352040628100497e+01
3.636038572232611443e+01
3.660576176256896019e+01
3.714578751695421488e+01
3.669160281820300185e+01
3.650906332783250718e+01
3.657099353588913715e+01
3.726716739626449737e+01
3.654665196993951781e+01
3.723909562826088404e+01
3.691239684005233102e+01
3.676652325628524665e+01
3.678566489048752430e+01
3.695758607492633274e+01
3.766608820187823881e+01
3.656174850655317243e+01
1.757137458352983472e+01
1.769183156764876230e+01
1.765524075188496766e+01
1.771888111414500599e+01
1.761942220297289552e+01
1.752845294620619399e+01
1.759481337812967894e+01
1.742403001017844844e+01
1.762274095264513818e+01
1.757802111799033185e+01
1.759260497868213591e+01
1.774079934803669545e+01
1.748397511272431615e+01
1.743177113615814733e+01
1.763729917643578915e+01
1.759454685967888921e+01
1.766540171342953514e+01
1.770031830630917824e+01
1.748228492348214758e+01
1.758085755808576067e+01
