2.161142723072968153e+01
2.158074992291363259e+01
2.197801128818465344e+01
2.176566783176553699e+01
2.200882971965759083e+01
2.166150350280793191e+01
2.175221055832551187e+01
2.178424630352375502e+01
2.176013990468826620e+01
2.168672787423868442e+01
2.157389997740607512e+01
2.186012636111576768e+01
2.165342586708268868e+01
2.185972073469535459e+01
2.158616266166747266e+01
2.171140866072597220e+01
2.181057933421131168e+01
2.188113382494094239e+01
2.192228503151804375e+01
2.193460966574889426e+01
3.956862875972722549e+01
4.044646872109471758e+01
4.002737142415585225e+01
4.002402590653993286e+01
4.039360496099205022e+01
3.948079422875773048e+01
4.050683287374256025e+01
4.022860406652320364e+01
4.023881905268061132e+01
4.051203089686602254e+01
3.949529568987830430e+01
4.023372118794906527e+01
3.967705032814409094e+01
3.933252087121517349e+01
3.917808606779435365e+01
3.919668209017328309e+01
3.937525881696684849e+01
3.970400127177937577e+01
4.017570192488379632e+01
3.935472218756345342e+01
2.183287095123332122e+01
2.188372255046208892e+01
2.203709089836918622e+01
2.229952746809134467e+01
2.200288403608320920e+01
2.182013166378595059e+01
2.200359517664288944e+01
2.227449831491438914e+01
2.200084666410284129e+01
2.209771330054683602e+01
2.196429419358484836e+01
2.189203352241434786e+01
2.187142391311355638e+01
2.189703097297679690e+01
2.196656447004556867e+01
2.181369354571631192e+01
2.195928477520505950e+01
2.188050306576108284e+01
2.183745804549871750e+01
2.208680839822155662e+01
2.070518486176457529e+01
2.070539625856071808e+01
2.070550005766556012e+01
2.070900432445303352e+01
2.070482964087438305e+01
2.070568045406911040e+01
2.070537445256487530e+01
2.070500364395917359e+01
2.070500427608147120e+01
2.070497825208283871e+01
2.070502220666504556e+01
2.070880785028398208e+01
2.070657694937695936e+01
2.070726723751532461e+01
2.070502475850171109e+01
2.070556743311929182e+01
2.070482867248131242e+01
2.070496243905722267e+01
2.071062814021751208e+01
2.070492483346421508e+01
2.160908002524704230e+01
2.172523440277453233e+01
2.175780084215656984e+01
2.171138898236424808e+01
2.159929813496237472e+01
2.180577876993039865e+01
2.156837565219235131e+01
2.177304758451630917e+01
2.180108038434050144e+01
2.177633306167101424e+01
2.158799506480367825e+01
2.171313719779517371e+01
2.156684960740378543e+01
2.172772726255738363e+01
2.173884999055863076e+01
2.183665698175449421e+01
2.177909949159144531e+01
2.169444244609251271e+01
2.169873865690693648e+01
2.156914825279087466e+01
3.950686156140199756e+01
4.014573337463227176e+01
3.982264491589737077e+01
4.036031704961007449e+01
3.948115213457184325e+01
3.940801844556018807e+01
3.965339502048854570e+01
4.019342104399436266e+01
3.973923655163375201e+01
3.955669717145988784e+01
3.961862742886893329e+01
4.031480126790354745e+01
3.959428591177444900e+01
4.028672952824952347e+01
3.996003076938519882e+01
3.981415719937864139e+01
3.983329883380599057e+01
4.000522000642757803e+01
4.071372208199805698e+01
3.960938246826790277e+01
2.195466559506022364e+01
2.207513197150896644e+01
2.203854643474191732e+01
2.210218972435632878e+01
2.200273248697828876e+01
2.191176417657267450e+01
2.197812510348346748e+01
2.180734207369224009e+01
2.200605311814700116e+01
2.196133338608716201e+01
2.197591729277844053e+01
2.212411164884101922e+01
2.186728750241926278e+01
2.181508355045833270e+01
2.202061153522172177e+01
2.197785923335891312e+01
2.204871406860110739e+01
2.208363065265591985e+01
2.186559733295194263e+01
2.196416993883257263e+01
