8.951631726649086573e+00
1.155607281868696035e+01
9.145229492154426154e+00
1.217492774356809093e+01
9.778172365925950515e+00
8.496336862759250153e+00
1.102095673129155884e+01
9.374145754282098508e+00
8.449225755939831828e+00
1.108876659724211322e+01
9.679842324374790863e+00
8.770558686970476359e+00
1.208966398516757046e+01
1.069072811429500192e+01
9.660008793316800180e+00
8.933645956664586052e+00
8.458336888360950212e+00
1.147641533765437316e+01
1.052762029881654726e+01
9.782798328458509829e+00
8.878102103127005762e+00
8.805796730760961921e+00
9.159483445599265750e+00
8.807141996306089737e+00
8.950391548586583923e+00
8.846077081393328712e+00
8.919090164596223502e+00
8.825958249746863160e+00
8.996757099293596127e+00
8.787755240962290770e+00
9.021693912579214825e+00
8.842038735359430746e+00
8.813333226919144892e+00
9.070249872559116966e+00
8.842297953781763198e+00
8.795044114756329634e+00
8.942921777562833796e+00
8.955260696707696866e+00
8.806386198245750307e+00
8.799286608376508667e+00
1.318435615585186227e+01
1.285410704108836200e+01
1.241423648980081396e+01
1.507283679716863922e+01
1.411969327802827578e+01
1.316524045592333891e+01
1.547927412054237450e+01
1.410735796315871937e+01
1.286820167239769397e+01
1.461617000132067901e+01
1.312603191664841518e+01
1.468768057079933342e+01
1.304853257023898472e+01
1.438160083588044458e+01
1.269867645343577855e+01
1.379001750171858731e+01
1.498226605611802853e+01
1.301931198953351654e+01
1.395294133732874897e+01
1.494373059870208387e+01
2.639102359205611847e+01
3.018453242039017326e+01
2.825505486895819018e+01
2.689495338665216195e+01
2.600268160926969330e+01
2.550471144140100321e+01
2.534867869384754258e+01
2.549826834479611293e+01
2.592936832051353946e+01
2.662715695821534823e+01
2.758388365390406705e+01
2.879716826711769784e+01
2.503930727927721378e+01
2.659942595884322358e+01
2.840635141957194776e+01
2.532794772139121875e+01
2.741487966753956229e+01
2.477251766289568025e+01
2.711566245835751943e+01
2.480049710293744170e+01
8.518271426077681951e+00
8.665147747576334325e+00
8.913304043264044907e+00
8.477041701966131271e+00
8.821764025078765670e+00
8.525988021546105244e+00
9.014723497233106286e+00
8.796326426748658278e+00
8.658258031016522693e+00
8.578207792510072593e+00
8.542078417826822090e+00
8.542046185792070645e+00
8.575067761576560699e+00
8.641725796979828900e+00
8.745333219054337803e+00
8.891236188222116255e+00
8.430627387128533101e+00
8.587925783444502414e+00
8.799598662118885528e+00
8.432980453817794597e+00
8.797583539573917477e+00
8.790369494129835815e+00
8.815953170830447050e+00
8.797881996729220333e+00
8.793299300347319658e+00
8.795895262137126025e+00
8.808018693295304402e+00
8.795298536180757409e+00
8.787267632869177447e+00
8.808886687456809028e+00
8.787166697909366775e+00
8.795865029429162263e+00
8.800928544385627106e+00
8.789231453035876385e+00
8.786748695094413364e+00
8.787344683932992950e+00
8.787835543012018746e+00
8.787336382535038126e+00
8.786742073756581561e+00
8.788313346697492534e+00
1.258573562604381735e+01
1.284416294195342445e+01
1.295004644354261458e+01
1.291111155753464423e+01
1.274477655992293279e+01
1.247485974179838664e+01
1.282975657145601645e+01
1.308980665162545520e+01
1.250810983599960302e+01
1.256896053753483145e+01
1.254819405686646405e+01
1.245364318148264537e+01
1.297594812408307874e+01
1.272859707759414860e+01
1.243594528036654445e+01
1.274882356527967886e+01
1.301792139660130587e+01
1.254877333198098910e+01
1.270335011548222681e+01
1.281375803891753051e+01
2.507873699914458854e+01
2.493749258968246352e+01
2.522986305852344557e+01
2.445053396521288036e+01
2.549925710059653028e+01
2.544149749131594973e+01
2.430952500395768823e+01
2.487551689511812469e+01
2.435110818317379966e+01
2.544033131619088550e+01
2.541310538615559622e+01
2.561624171596926658e+01
2.470501373733910100e+01
2.531590532932092685e+01
2.480700204885091864e+01
2.448356279273424363e+01
2.432654089728000457e+01
2.432113599609196086e+01
2.445599106240334208e+01
2.472254164791137754e+01
8.422865257861603894e+00
8.485421151455700084e+00
8.446512700646579219e+00
8.637612661431337102e+00
8.536073269648881023e+00
8.495775983575558854e+00
8.503966349210850595e+00
8.405972888323924863e+00
8.492585997790451202e+00
8.469497807402055045e+00
8.481322455064605137e+00
8.386110130568779297e+00
8.454677046099273952e+00
8.415567545212766731e+00
8.542415528208174180e+00
8.552553200507546194e+00
8.442847425185313170e+00
8.496785123090749181e+00
8.434147109605570236e+00
8.527572484354294602e+00
