4.061195897919193953e+01
4.060273982596505249e+01
4.053729793238230883e+01
4.043362466313100612e+01
4.031577723866958252e+01
4.114895232684166615e+01
4.079711980485977563e+01
4.049052197229433148e+01
4.127371831657780632e+01
4.076959927598342404e+01
4.039437099083394855e+01
4.093141612458129686e+01
4.045388645113878567e+01
4.094500137367095505e+01
4.042566250165841524e+01
4.082880112175642751e+01
4.033323555675914207e+01
4.062857620364517430e+01
4.102744343821056816e+01
4.040407869660923978e+01
6.424881694589417691e+01
6.111029896111831761e+01
6.433938533610063359e+01
6.223449802485235693e+01
6.634843242171359634e+01
6.505591648886058920e+01
6.421065375449730084e+01
6.375334701555249950e+01
6.363970483716646953e+01
6.383708129935256892e+01
6.432189406546956434e+01
6.507762808814837285e+01
6.092196990254320355e+01
6.211227335295045293e+01
6.353148162443142155e+01
6.518080248623209627e+01
6.194748520098730182e+01
6.390947194115921803e+01
6.113109233483417881e+01
6.336749217338488904e+01
4.003426006462084530e+01
4.005694654907848928e+01
4.022797457257175324e+01
4.054529018300399912e+01
4.101673695290534738e+01
4.021684962162171217e+01
4.091096119089836236e+01
4.036301132476970110e+01
3.996746183668043528e+01
4.092919507229068188e+01
4.068559158690877098e+01
4.053974696159642832e+01
4.047782057940743528e+01
4.049064483183965990e+01
4.057269836698332455e+01
4.072129800896781404e+01
4.093596057211399852e+01
3.999434018360012288e+01
4.028994188306491253e+01
4.064962035158652753e+01
3.845954700308958962e+01
3.844784395662598087e+01
3.846582706090871540e+01
3.844831819252317473e+01
3.844998351006000803e+01
3.845399100623481559e+01
3.845367092366254269e+01
3.844971232967179020e+01
3.844809621700964897e+01
3.845856407076232841e+01
3.845048166584667371e+01
3.845455545267640218e+01
3.844842242848217495e+01
3.845983572251391536e+01
3.845463933008849722e+01
3.844906545191726366e+01
3.844783651133789704e+01
3.844785337227246202e+01
3.844783121421717453e+01
3.844790216378073211e+01
4.032154638951069359e+01
4.046849829611698368e+01
4.035452926471120350e+01
4.041200741021756215e+01
4.043238638615677871e+01
4.041512960368197582e+01
4.036696119039756070e+01
4.049202943199595239e+01
4.037754289180183065e+01
4.043953840775964892e+01
4.047814414899320923e+01
4.030502552632359681e+01
4.047754427748773054e+01
4.044247811920866553e+01
4.039070657915165441e+01
4.032898366998756501e+01
4.042280711388686854e+01
4.032885047776711218e+01
4.039048510441690354e+01
4.044493615218878091e+01
6.189472490356818923e+01
6.088166708148431638e+01
6.190319195730655366e+01
6.184922231174061835e+01
6.221986389870042444e+01
6.151021415538730253e+01
6.118816334510430011e+01
6.121031233070638677e+01
6.154570601114797057e+01
6.217296397126954588e+01
6.307808386591175065e+01
6.146729343083904951e+01
6.149343553887686653e+01
6.174419193592603960e+01
6.088190912391510778e+01
6.153415603666523737e+01
6.106399314075660101e+01
6.339618855200288294e+01
6.193084883887772207e+01
6.194947778810172423e+01
4.057416289834194600e+01
4.005896381108559012e+01
4.008484332903778835e+01
4.024903312642699404e+01
4.054952553348877586e+01
3.991099519531844209e+01
4.008069530975479466e+01
4.002185359871445769e+01
4.005913482056686803e+01
4.052529359341308179e+01
4.007208145129109766e+01
4.003935153598992258e+01
4.040269037899124527e+01
4.018844457885676746e+01
4.004867497551927613e+01
3.997270729523884114e+01
3.995308565039779580e+01
3.998491007158514066e+01
4.037387424553532611e+01
3.989634543841711434e+01
3.844928132869888060e+01
3.844861098089772611e+01
3.845072448490109451e+01
3.844945863641851957e+01
3.845142472658960742e+01
3.844997542423634940e+01
3.845338190411869306e+01
3.844780298247637518e+01
3.844945019100340033e+01
3.845084271395110420e+01
3.844976041264801836e+01
3.844790245693067732e+01
3.844986352118964845e+01
3.844816465695404872e+01
3.844783619494621263e+01
3.844820294149219819e+01
3.844863327185688462e+01
3.844827103283108016e+01
3.844780033232698457e+01
3.844877768692456499e+01
4.039508927595324650e+01
4.032294538873002665e+01
4.031819931840121285e+01
4.032633072417080200e+01
4.034963476410587901e+01
4.039222125897315863e+01
4.035162732109511552e+01
4.043785113434491763e+01
4.033895531516269983e+01
4.036634146892739494e+01
4.037072651959918090e+01
4.030964288164192766e+01
4.041232848578250980e+01
4.031040606801340687e+01
4.032777070467469116e+01
4.033008683244588610e+01
4.036120553507233666e+01
4.033436828479430147e+01
4.043194346203866019e+01
4.037293292743371609e+01
